2.1000E-07	2.2560	0.0850
2.2000E-07	2.3050	0.1090
2.3000E-07	2.3370	0.1180
2.4000E-07	2.3640	0.1200
2.5000E-07	2.3870	0.1140
2.6000E-07	2.4000	0.1020
2.7000E-07	2.4040	0.0920
2.8000E-07	2.4010	0.0850
2.9000E-07	2.3970	0.0880
3.0000E-07	2.3980	0.0910
3.1000E-07	2.3980	0.0960
3.2000E-07	2.4030	0.1030
3.3000E-07	2.4090	0.1050
3.4000E-07	2.4150	0.1080
3.5000E-07	2.4220	0.1110
3.6000E-07	2.4340	0.1120
3.7000E-07	2.4470	0.1080
3.8000E-07	2.4590	0.0960
3.9000E-07	2.4640	0.0800
4.0000E-07	2.4620	0.0620
4.1000E-07	2.4530	0.0470
4.2000E-07	2.4400	0.0340
4.3000E-07	2.4230	0.0260
4.4000E-07	2.4040	0.0260
4.5000E-07	2.3860	0.0320
4.6000E-07	2.3740	0.0420
4.7000E-07	2.3670	0.0540
4.8000E-07	2.3650	0.0630
4.9000E-07	2.3640	0.0670
5.0000E-07	2.3590	0.0710
5.1000E-07	2.3540	0.0770
5.2000E-07	2.3490	0.0830
5.3000E-07	2.3460	0.0910
5.4000E-07	2.3440	0.0990
5.5000E-07	2.3430	0.1050
5.6000E-07	2.3420	0.1120
5.7000E-07	2.3420	0.1180
5.8000E-07	2.3420	0.1250
5.9000E-07	2.3440	0.1310
6.0000E-07	2.3460	0.1360
6.1000E-07	2.3500	0.1410
6.2000E-07	2.3530	0.1440
6.3000E-07	2.3580	0.1480
6.4000E-07	2.3660	0.1450
6.5000E-07	2.3660	0.1380
6.6000E-07	2.3630	0.1370
6.7000E-07	2.3640	0.1350
6.8000E-07	2.3620	0.1310
6.9000E-07	2.3590	0.1270
7.0000E-07	2.3550	0.1240
7.1000E-07	2.3490	0.1220
7.2000E-07	2.3430	0.1200
7.3000E-07	2.3360	0.1190
7.4000E-07	2.3290	0.1180
7.5000E-07	2.3200	0.1180
7.6000E-07	2.3120	0.1190
7.7000E-07	2.3030	0.1200
7.8000E-07	2.2940	0.1230
7.9000E-07	2.2840	0.1280
8.0000E-07	2.2790	0.1340
8.1000E-07	2.2720	0.1340
8.2000E-07	2.2620	0.1380
8.3000E-07	2.2530	0.1430
8.4000E-07	2.2450	0.1490
8.5000E-07	2.2360	0.1550
8.6000E-07	2.2290	0.1610
8.7000E-07	2.2220	0.1670
8.8000E-07	2.2130	0.1730
8.9000E-07	2.2050	0.1810
9.0000E-07	2.1960	0.1890
9.1000E-07	2.1890	0.1980
9.2000E-07	2.1820	0.2070
9.3000E-07	2.1750	0.2150
9.4000E-07	2.1680	0.2230
9.5000E-07	2.1590	0.2340
9.6000E-07	2.1530	0.2440
9.7000E-07	2.1460	0.2550
9.8000E-07	2.1390	0.2670
9.9000E-07	2.1340	0.2800
1.0000E-06	2.1300	0.2920
1.0100E-06	2.1250	0.3050
1.0200E-06	2.1220	0.3170
1.0300E-06	2.1190	0.3290
1.0400E-06	2.1160	0.3410
1.0500E-06	2.1140	0.3530
1.0600E-06	2.1120	0.3650
1.0700E-06	2.1100	0.3770
1.0800E-06	2.1080	0.3890
1.0900E-06	2.1070	0.4010
1.1000E-06	2.1060	0.4130
1.1100E-06	2.1040	0.4240
1.1200E-06	2.1030	0.4370
1.1300E-06	2.1020	0.4500
1.1400E-06	2.1020	0.4620
1.1500E-06	2.1020	0.4750
1.1600E-06	2.1020	0.4870
1.1700E-06	2.1030	0.5000
1.1800E-06	2.1040	0.5120
1.1900E-06	2.1030	0.5250
1.2000E-06	2.1060	0.5420
1.2100E-06	2.1140	0.5540
1.2200E-06	2.1170	0.5640
1.2300E-06	2.1200	0.5740
1.2400E-06	2.1230	0.5840
1.2500E-06	2.1260	0.5950
1.2600E-06	2.1290	0.6050
1.2700E-06	2.1320	0.6160
1.2800E-06	2.1350	0.6260
1.2900E-06	2.1390	0.6370
1.3000E-06	2.1430	0.6470
1.3100E-06	2.1460	0.6570
1.3200E-06	2.1490	0.6670
1.3300E-06	2.1530	0.6780
1.3400E-06	2.1580	0.6880
1.3500E-06	2.1620	0.6980
1.3600E-06	2.1660	0.7080
1.3700E-06	2.1710	0.7180
1.3800E-06	2.1760	0.7280
1.3900E-06	2.1810	0.7370
1.4000E-06	2.1860	0.7470
1.4100E-06	2.1920	0.7570
1.4200E-06	2.1980	0.7650
1.4300E-06	2.2030	0.7740
1.4400E-06	2.2090	0.7830
1.4500E-06	2.2150	0.7910
1.4600E-06	2.2210	0.8000
1.4700E-06	2.2270	0.8080
1.4800E-06	2.2330	0.8160
1.4900E-06	2.2400	0.8240
1.5000E-06	2.2460	0.8310
1.5100E-06	2.2520	0.8390
1.5200E-06	2.2590	0.8460
1.5300E-06	2.2650	0.8520
1.5400E-06	2.2700	0.8600
1.5500E-06	2.2780	0.8670
1.5600E-06	2.2840	0.8720
1.5700E-06	2.2900	0.8790
1.5800E-06	2.2950	0.8850
1.5900E-06	2.3010	0.8920
1.6000E-06	2.3080	0.8980
1.6100E-06	2.3140	0.9040
1.6200E-06	2.3190	0.9100
1.6300E-06	2.3250	0.9170
1.6400E-06	2.3310	0.9230
1.6500E-06	2.3370	0.9290
1.6600E-06	2.3430	0.9350
1.6700E-06	2.3500	0.9420
1.6800E-06	2.3570	0.9470
1.6900E-06	2.3640	0.9530
1.7000E-06	2.3710	0.9590
1.7100E-06	2.3780	0.9640
1.7200E-06	2.3850	0.9690
1.7300E-06	2.3910	0.9740
1.7400E-06	2.3980	0.9790
1.7500E-06	2.4050	0.9830
1.7600E-06	2.4120	0.9870
1.7700E-06	2.4190	0.9910
1.7800E-06	2.4250	0.9960
1.7900E-06	2.4320	1.0000
1.8000E-06	2.4410	1.0030
1.8100E-06	2.4460	1.0040
1.8200E-06	2.4510	1.0080
1.8300E-06	2.4570	1.0120
1.8400E-06	2.4640	1.0150
1.8500E-06	2.4710	1.0170
1.8600E-06	2.4740	1.0170
1.8700E-06	2.4750	1.0210
1.8800E-06	2.4800	1.0280
1.8900E-06	2.4870	1.0330
1.9000E-06	2.4920	1.0370
1.9100E-06	2.4980	1.0410
1.9200E-06	2.5040	1.0440
1.9300E-06	2.5100	1.0480
1.9400E-06	2.5150	1.0520
1.9500E-06	2.5210	1.0560
1.9600E-06	2.5270	1.0580
1.9700E-06	2.5320	1.0610
1.9800E-06	2.5360	1.0650
1.9900E-06	2.5390	1.0690
2.0000E-06	2.5450	1.0800
2.0100E-06	2.5580	1.0840
2.0200E-06	2.5660	1.0850
2.0300E-06	2.5730	1.0860
2.0400E-06	2.5800	1.0880
2.0500E-06	2.5860	1.0890
2.0600E-06	2.5920	1.0900
2.0700E-06	2.5970	1.0920
2.0800E-06	2.6030	1.0940
2.0900E-06	2.6080	1.0950
2.1000E-06	2.6130	1.0970
2.1100E-06	2.6190	1.0990
2.1200E-06	2.6240	1.1000
2.1300E-06	2.6290	1.1020
2.1400E-06	2.6330	1.1040
2.1500E-06	2.6380	1.1060
2.1600E-06	2.6430	1.1090
2.1700E-06	2.6480	1.1100
2.1800E-06	2.6530	1.1120
2.1900E-06	2.6570	1.1140
2.2000E-06	2.6620	1.1160
2.2100E-06	2.6660	1.1180
2.2200E-06	2.6710	1.1210
2.2300E-06	2.6750	1.1240
2.2400E-06	2.6800	1.1270
2.2500E-06	2.6850	1.1310
2.2600E-06	2.6930	1.1340
2.2700E-06	2.6990	1.1360
2.2800E-06	2.7060	1.1370
2.2900E-06	2.7130	1.1370
2.3000E-06	2.7180	1.1370
2.3100E-06	2.7220	1.1370
2.3200E-06	2.7260	1.1380
2.3300E-06	2.7300	1.1400
2.3400E-06	2.7350	1.1420
2.3500E-06	2.7410	1.1440
2.3600E-06	2.7470	1.1440
2.3700E-06	2.7510	1.1440
2.3800E-06	2.7540	1.1450
2.3900E-06	2.7580	1.1460
2.4000E-06	2.7630	1.1470
2.4100E-06	2.7670	1.1490
2.4200E-06	2.7710	1.1510
2.4300E-06	2.7760	1.1520
2.4400E-06	2.7800	1.1540
2.4500E-06	2.7850	1.1560
2.4600E-06	2.7910	1.1570
2.4700E-06	2.7970	1.1570
2.4800E-06	2.8010	1.1570
2.4900E-06	2.8050	1.1580
2.5000E-06	2.8110	1.1580
2.5063E-06	2.8130	1.1560
2.5126E-06	2.8120	1.1580
2.5189E-06	2.8160	1.1600
2.5253E-06	2.8180	1.1580
2.5316E-06	2.8210	1.1610
2.5381E-06	2.8260	1.1610
2.5445E-06	2.8250	1.1610
2.5510E-06	2.8310	1.1610
2.5575E-06	2.8330	1.1600
2.5641E-06	2.8340	1.1610
2.5707E-06	2.8370	1.1620
2.5773E-06	2.8370	1.1600
2.5840E-06	2.8390	1.1660
2.5907E-06	2.8440	1.1630
2.5974E-06	2.8430	1.1660
2.6042E-06	2.8510	1.1680
2.6110E-06	2.8520	1.1650
2.6178E-06	2.8520	1.1690
2.6247E-06	2.8570	1.1670
2.6316E-06	2.8570	1.1680
2.6385E-06	2.8630	1.1680
2.6455E-06	2.8640	1.1690
2.6525E-06	2.8670	1.1710
2.6596E-06	2.8690	1.1700
2.6667E-06	2.8700	1.1730
2.6738E-06	2.8740	1.1740
2.6810E-06	2.8790	1.1760
2.6882E-06	2.8830	1.1740
2.6954E-06	2.8850	1.1750
2.7027E-06	2.8880	1.1760
2.7100E-06	2.8940	1.1760
2.7174E-06	2.8940	1.1730
2.7248E-06	2.8950	1.1760
2.7322E-06	2.8980	1.1750
2.7397E-06	2.9000	1.1760
2.7473E-06	2.9060	1.1760
2.7548E-06	2.9050	1.1750
2.7624E-06	2.9090	1.1800
2.7701E-06	2.9130	1.1760
2.7778E-06	2.9130	1.1760
2.7855E-06	2.9170	1.1790
2.7933E-06	2.9210	1.1790
2.8011E-06	2.9230	1.1770
2.8090E-06	2.9220	1.1780
2.8169E-06	2.9240	1.1830
2.8249E-06	2.9300	1.1850
2.8329E-06	2.9330	1.1940
2.8409E-06	2.9360	1.1850
2.8490E-06	2.9410	1.1840
2.8571E-06	2.9430	1.1830
2.8653E-06	2.9450	1.1850
2.8736E-06	2.9470	1.1850
2.8918E-06	2.9520	1.1870
2.8986E-06	2.9610	1.1860
2.9070E-06	2.9600	1.1820
2.9155E-06	2.9600	1.1850
2.9240E-06	2.9650	1.1860
2.9326E-06	2.9670	1.1860
2.9412E-06	2.9710	1.1870
2.9499E-06	2.9710	1.1850
2.9586E-06	2.9730	1.1800
2.9674E-06	2.9790	1.1890
2.9762E-06	2.9820	1.1900
2.9851E-06	2.9860	1.1890
2.9940E-06	2.9880	1.1900
3.0030E-06	2.9930	1.1880
3.0120E-06	2.9920	1.1870
3.0211E-06	2.9930	1.1900
3.0303E-06	2.9980	1.1930
3.0395E-06	3.0030	1.1910
3.0488E-06	3.0040	1.1900
3.0581E-06	3.0070	1.1900
3.0675E-06	3.0070	1.1910
3.0769E-06	3.0130	1.1950
3.0864E-06	3.0160	1.1920
3.0960E-06	3.0180	1.1930
3.1056E-06	3.0210	1.1930
3.1153E-06	3.0240	1.1910
3.1250E-06	3.0250	1.1930
3.1348E-06	3.0290	1.1940
3.1447E-06	3.0330	1.1950
3.1546E-06	3.0370	1.1940
3.1646E-06	3.0390	1.1910
3.1746E-06	3.0370	1.1920
3.1847E-06	3.0400	1.1960
3.1949E-06	3.0440	1.1970
3.2051E-06	3.0460	1.1970
3.2154E-06	3.0500	1.1990
3.2258E-06	3.0550	1.1980
3.2362E-06	3.0600	1.1980
3.2468E-06	3.0620	1.1940
3.2573E-06	3.0630	1.1950
3.2680E-06	3.0650	1.1960
3.2787E-06	3.0660	1.1950
3.2895E-06	3.0670	1.1990
3.3003E-06	3.0750	1.1990
3.3113E-06	3.0740	1.2000
3.3223E-06	3.0800	1.2030
3.3333E-06	3.0850	1.1990
3.3445E-06	3.0840	1.1980
3.3557E-06	3.0900	1.2020
3.3670E-06	3.0930	1.1980
3.3784E-06	3.0940	1.2010
3.3898E-06	3.0970	1.2010
3.4014E-06	3.1010	1.2010
3.4130E-06	3.1010	1.2010
3.4247E-06	3.1070	1.2050
3.4364E-06	3.1130	1.1990
3.4483E-06	3.1120	1.1970
3.4602E-06	3.1140	1.2000
3.4722E-06	3.1170	1.2000
3.4843E-06	3.1180	1.2010
3.4965E-06	3.1230	1.2020
3.5088E-06	3.1250	1.2020
3.5211E-06	3.1270	1.2010
3.5336E-06	3.1290	1.2010
3.5461E-06	3.1320	1.2020
3.5587E-06	3.1350	1.2010
3.5714E-06	3.1370	1.2000
3.5842E-06	3.1370	1.2020
3.5971E-06	3.1390	1.2060
3.6101E-06	3.1480	1.2080
3.6232E-06	3.1520	1.2030
3.6364E-06	3.1510	1.2030
3.6496E-06	3.1530	1.2040
3.6630E-06	3.1530	1.2050
3.6765E-06	3.1590	1.2090
3.6900E-06	3.1610	1.2060
3.7037E-06	3.1630	1.2100
3.7175E-06	3.1680	1.2100
3.7313E-06	3.1710	1.2100
3.7453E-06	3.1730	1.2070
3.7594E-06	3.1750	1.2120
3.7736E-06	3.1800	1.2130
3.7879E-06	3.1820	1.2130
3.8023E-06	3.1880	1.2150
3.8168E-06	3.1930	1.2110
3.8314E-06	3.1930	1.2090
3.8462E-06	3.1940	1.2110
3.8610E-06	3.1960	1.2130
3.8760E-06	3.2000	1.2190
3.8911E-06	3.2070	1.2150
3.9063E-06	3.2080	1.2120
3.9216E-06	3.2110	1.2120
3.9370E-06	3.2130	1.2120
3.9526E-06	3.2160	1.2160
3.9683E-06	3.2190	1.2150
3.9841E-06	3.2200	1.2140
4.0000E-06	3.2210	1.2150
4.0161E-06	3.2260	1.2190
4.0323E-06	3.2320	1.2190
4.0486E-06	3.2330	1.2190
4.0650E-06	3.2380	1.2200
4.0816E-06	3.2390	1.2190
4.0984E-06	3.2450	1.2210
4.1152E-06	3.2470	1.2180
4.1322E-06	3.2490	1.2210
4.1494E-06	3.2530	1.2200
4.1667E-06	3.2550	1.2190
4.1841E-06	3.2560	1.2190
4.2373E-06	3.2690	1.2230
4.2553E-06	3.2730	1.2260
4.2735E-06	3.2790	1.2220
4.2918E-06	3.2800	1.2230
4.3103E-06	3.2850	1.2220
4.3290E-06	3.2850	1.2210
4.3478E-06	3.2870	1.2240
4.3668E-06	3.2920	1.2230
4.3860E-06	3.2930	1.2200
4.4053E-06	3.2950	1.2240
4.4248E-06	3.2990	1.2230
4.4444E-06	3.3000	1.2250
4.4643E-06	3.3060	1.2270
4.4843E-06	3.3080	1.2240
4.5045E-06	3.3080	1.2250
4.5249E-06	3.3140	1.2280
4.5455E-06	3.3170	1.2270
4.5662E-06	3.3180	1.2290
4.5872E-06	3.3240	1.2310
4.6083E-06	3.3300	1.2290
4.6296E-06	3.3300	1.2280
4.6512E-06	3.3330	1.2300
4.6729E-06	3.3370	1.2290
4.6948E-06	3.3380	1.2310
4.7170E-06	3.3440	1.2320
4.7393E-06	3.3450	1.2300
4.7619E-06	3.3460	1.2330
4.7847E-06	3.3510	1.2360
4.8077E-06	3.3570	1.2360
4.8309E-06	3.3600	1.2360
4.8544E-06	3.3660	1.2350
4.8780E-06	3.3690	1.2350
4.9020E-06	3.3730	1.2340
4.9261E-06	3.3750	1.2310
4.9505E-06	3.3770	1.2320
4.9751E-06	3.3820	1.2340
5.0000E-06	3.3880	1.2310
5.0251E-06	3.3860	1.2260
5.0505E-06	3.3860	1.2270
5.0761E-06	3.3870	1.2280
5.1020E-06	3.3880	1.2320
5.1282E-06	3.3930	1.2340
5.1546E-06	3.3950	1.2340
5.1813E-06	3.3970	1.2340
5.2083E-06	3.4010	1.2360
5.2356E-06	3.4040	1.2370
5.2632E-06	3.4090	1.2380
5.2910E-06	3.4100	1.2360
5.3191E-06	3.4110	1.2390
5.3476E-06	3.4150	1.2400
5.3763E-06	3.4200	1.2400
5.4054E-06	3.4190	1.2390
5.4348E-06	3.4220	1.2430
5.4645E-06	3.4260	1.2440
5.4945E-06	3.4300	1.2440
5.5249E-06	3.4320	1.2450
5.5556E-06	3.4350	1.2460
5.5866E-06	3.4400	1.2470
5.6180E-06	3.4410	1.2470
5.6497E-06	3.4430	1.2500
5.6818E-06	3.4470	1.2510
5.7143E-06	3.4520	1.2530
5.7471E-06	3.4560	1.2540
5.7803E-06	3.4590	1.2520
5.8140E-06	3.4590	1.2530
5.8480E-06	3.4630	1.2550
5.8824E-06	3.4660	1.2590
5.9172E-06	3.4710	1.2560
5.9524E-06	3.4710	1.2580
5.9880E-06	3.4760	1.2600
6.0241E-06	3.4790	1.2570
6.0606E-06	3.4790	1.2610
6.0976E-06	3.4830	1.2610
6.1350E-06	3.4870	1.2630
6.1728E-06	3.4880	1.2630
6.2112E-06	3.4910	1.2670
6.2500E-06	3.4960	1.2700
6.2893E-06	3.5000	1.2690
6.3291E-06	3.5030	1.2700
6.3694E-06	3.5060	1.2680
6.4103E-06	3.5050	1.2700
6.4516E-06	3.5070	1.2730
6.4935E-06	3.5120	1.2780
6.5359E-06	3.5200	1.2760
6.5789E-06	3.5180	1.2770
6.6225E-06	3.5240	1.2790
6.6667E-06	3.5240	1.2790
6.7114E-06	3.5280	1.2820
6.7568E-06	3.5300	1.2800
6.8027E-06	3.5320	1.2820
6.8493E-06	3.5320	1.2840
6.8966E-06	3.5360	1.2900
6.9444E-06	3.5410	1.2890
6.9930E-06	3.5430	1.2900
7.0423E-06	3.5440	1.2910
7.0922E-06	3.5480	1.2930
7.1429E-06	3.5490	1.2940
7.1942E-06	3.5500	1.2980
7.2464E-06	3.5520	1.3010
7.2993E-06	3.5580	1.3040
7.3529E-06	3.5590	1.3030
7.4074E-06	3.5630	1.3050
7.4627E-06	3.5630	1.3070
7.5188E-06	3.5670	1.3070
7.5758E-06	3.5650	1.3090
7.6336E-06	3.5670	1.3120
7.6923E-06	3.5680	1.3150
7.7519E-06	3.5690	1.3190
7.8125E-06	3.5720	1.3240
7.8740E-06	3.5740	1.3240
7.9365E-06	3.5740	1.3270
8.0000E-06	3.5740	1.3310
8.0645E-06	3.5770	1.3380
8.1301E-06	3.5820	1.3380
8.1967E-06	3.5800	1.3400
8.2645E-06	3.5790	1.3460
8.3333E-06	3.5830	1.3520
8.4034E-06	3.5850	1.3540
8.4746E-06	3.5850	1.3560
8.5470E-06	3.5820	1.3630
8.6207E-06	3.5830	1.3700
8.6957E-06	3.5870	1.3740
8.7719E-06	3.5900	1.3780
8.8496E-06	3.5870	1.3810
8.9286E-06	3.5880	1.3920
9.0090E-06	3.5900	1.3970
9.0909E-06	3.5940	1.4030
9.1743E-06	3.5920	1.4050
9.2593E-06	3.5890	1.4150
9.3458E-06	3.5920	1.4240
9.4340E-06	3.5930	1.4310
9.5238E-06	3.5920	1.4420
9.6154E-06	3.6010	1.4510
9.7087E-06	3.6030	1.4530
9.8039E-06	3.6030	1.4600
9.9010E-06	3.6010	1.4640
1.0000E-05	3.6010	1.4790
1.0101E-05	3.6060	1.4850
1.0204E-05	3.6060	1.4930
1.0309E-05	3.6070	1.5020
1.0417E-05	3.6090	1.5100
1.0526E-05	3.6090	1.5180
1.0638E-05	3.6120	1.5250
1.0753E-05	3.6090	1.5320
1.0870E-05	3.6060	1.5420
1.0989E-05	3.6040	1.5540
1.1111E-05	3.6050	1.5630
1.1236E-05	3.5990	1.5730
1.1364E-05	3.5980	1.5860
1.1494E-05	3.5950	1.5950
1.1628E-05	3.5870	1.6090
1.1765E-05	3.5820	1.6270
1.1905E-05	3.5770	1.6410
1.2048E-05	3.5710	1.6600
1.2195E-05	3.5690	1.6770
1.2346E-05	3.5610	1.6930
1.2500E-05	3.5540	1.7150
1.2658E-05	3.5460	1.7350
1.2821E-05	3.5330	1.7600
1.2987E-05	3.5220	1.7870
1.3158E-05	3.5090	1.8210
1.3333E-05	3.4990	1.8590
1.3514E-05	3.4910	1.9030
1.3699E-05	3.4890	1.9470
1.3889E-05	3.4910	1.9910
1.4085E-05	3.4930	2.0330
1.4286E-05	3.4920	2.0770
1.4493E-05	3.4920	2.1290
1.4706E-05	3.4970	2.1760
1.4925E-05	3.4940	2.2280
1.5152E-05	3.4920	2.2840
1.5385E-05	3.4840	2.3480
1.5625E-05	3.4680	2.4270
1.5873E-05	3.4700	2.5300
1.6129E-05	3.4740	2.6260
1.6393E-05	3.4540	2.7610
1.6667E-05	3.4550	2.9630
1.6949E-05	3.5140	3.2490
1.7241E-05	3.7550	3.6420
1.7544E-05	4.3720	3.9070
1.7857E-05	5.0910	3.6040
1.8182E-05	5.3140	2.9660
1.8519E-05	5.1310	2.5400
1.8868E-05	4.9020	2.3830
1.9231E-05	4.7310	2.3480
1.9608E-05	4.6130	2.3650
2.0000E-05	4.5240	2.4020
2.0408E-05	4.4560	2.4600
2.0833E-05	4.4130	2.5350
2.1277E-05	4.3910	2.6140
2.1739E-05	4.3800	2.6940
2.2222E-05	4.3730	2.7760
2.2727E-05	4.3710	2.8670
2.3256E-05	4.3720	2.9590
2.3810E-05	4.3620	3.0780
2.4390E-05	4.3610	3.2240
2.5000E-05	4.3650	3.4130
2.5641E-05	4.4090	3.6550
2.6316E-05	4.4840	3.9580
2.7027E-05	4.6680	4.3920
2.7778E-05	5.1670	4.9400
2.8571E-05	6.3080	5.2100
2.9412E-05	7.3760	4.2900
3.0303E-05	7.2720	3.2680
3.1250E-05	6.8710	2.8550
3.2258E-05	6.5670	2.7760
3.3333E-05	6.4180	2.8070
3.4483E-05	6.3420	2.8580
3.5714E-05	6.3290	2.9500
3.7037E-05	6.3810	3.0170
3.8462E-05	6.4160	3.0580
4.0000E-05	6.4850	3.1850
4.1667E-05	6.6770	3.2260
4.3478E-05	6.7380	3.2530
4.5455E-05	6.9330	3.3570
4.7619E-05	7.1240	3.3310
5.0000E-05	7.3410	3.4000
5.2632E-05	7.6790	3.3510
5.5556E-05	7.9430	3.2090
