1.4091E-07	1.158524	1.336312
1.4131E-07	1.186049	1.327125
1.4171E-07	1.192925	1.32453
1.4212E-07	1.174351	1.335306
1.4253E-07	1.188364	1.350729
1.4294E-07	1.190136	1.333705
1.4335E-07	1.192688	1.342088
1.4377E-07	1.193064	1.347472
1.4419E-07	1.19758	1.353328
1.4461E-07	1.196557	1.342716
1.4503E-07	1.209456	1.35061
1.4545E-07	1.208217	1.354612
1.4588E-07	1.219097	1.35407
1.4631E-07	1.221051	1.356647
1.4675E-07	1.224025	1.359098
1.4718E-07	1.22809	1.360571
1.4762E-07	1.227095	1.364648
1.4806E-07	1.234017	1.361651
1.485E-07	1.243761	1.365862
1.4895E-07	1.244248	1.366497
1.494E-07	1.248899	1.373075
1.4985E-07	1.251905	1.372374
1.503E-07	1.255714	1.37544
1.5076E-07	1.26145	1.374357
1.5122E-07	1.264318	1.377576
1.5168E-07	1.268579	1.377438
1.5215E-07	1.272256	1.379497
1.5262E-07	1.274364	1.383728
1.5309E-07	1.279147	1.383611
1.5356E-07	1.28162	1.386223
1.5404E-07	1.287433	1.387394
1.5452E-07	1.29184	1.391295
0.000000155	1.296768	1.392482
1.5549E-07	1.301911	1.39499
1.5597E-07	1.30511	1.398509
1.5647E-07	1.307922	1.400423
1.5696E-07	1.312061	1.401911
1.5746E-07	1.317596	1.404476
1.5796E-07	1.323048	1.40875
1.5847E-07	1.327918	1.4111
1.5897E-07	1.331326	1.414476
1.5949E-07	1.334275	1.418081
0.00000016	1.340309	1.422697
1.6052E-07	1.345121	1.425073
1.6104E-07	1.348791	1.429201
1.6156E-07	1.35347	1.432694
1.6209E-07	1.356701	1.437137
1.6262E-07	1.362521	1.441295
1.6316E-07	1.368401	1.445075
1.637E-07	1.370394	1.449246
1.6424E-07	1.375155	1.452914
1.6478E-07	1.38201	1.456365
1.6533E-07	1.385552	1.45978
1.6589E-07	1.39479	1.462898
1.6644E-07	1.396609	1.464512
0.000000167	1.402439	1.465213
1.6757E-07	1.408205	1.468262
1.6814E-07	1.414792	1.473218
1.6871E-07	1.419395	1.475554
1.6928E-07	1.425097	1.476955
1.6986E-07	1.430581	1.483097
1.7045E-07	1.433785	1.486398
1.7103E-07	1.43876	1.491709
1.7163E-07	1.442971	1.493807
1.7222E-07	1.449687	1.496714
1.7282E-07	1.456353	1.500234
1.7343E-07	1.460378	1.504218
1.7404E-07	1.467478	1.50734
1.7465E-07	1.472694	1.511642
1.7527E-07	1.47741	1.516471
1.7589E-07	1.482161	1.52322
1.7651E-07	1.488062	1.524726
1.7714E-07	1.495182	1.5254
1.7778E-07	1.50173	1.532584
1.7842E-07	1.506814	1.534054
1.7906E-07	1.512147	1.538629
1.7971E-07	1.517736	1.542678
1.8036E-07	1.526674	1.546798
1.8102E-07	1.532843	1.54928
1.8168E-07	1.539744	1.55194
1.8235E-07	1.546788	1.554484
1.8303E-07	1.552991	1.558917
1.837E-07	1.559277	1.565067
1.8439E-07	1.568483	1.56721
1.8507E-07	1.576356	1.572328
1.8577E-07	1.58281	1.57303
1.8647E-07	1.590919	1.574708
1.8717E-07	1.598799	1.578442
1.8788E-07	1.603351	1.582058
1.8859E-07	1.61484	1.582447
1.8931E-07	1.624329	1.585257
1.9004E-07	1.631783	1.588443
1.9077E-07	1.645084	1.591174
1.9151E-07	1.645279	1.592217
1.9225E-07	1.657356	1.596144
0.000000193	1.661995	1.593356
1.9375E-07	1.667797	1.596079
1.9451E-07	1.678887	1.597407
1.9528E-07	1.688847	1.600135
1.9605E-07	1.694176	1.59504
1.9683E-07	1.703144	1.598346
1.9761E-07	1.71067	1.594936
1.984E-07	1.718346	1.602119
1.992E-07	1.725347	1.598646
0.0000002	1.734093	1.601005
2.0081E-07	1.739356	1.598657
2.0163E-07	1.748305	1.602947
2.0245E-07	1.754163	1.60272
2.0328E-07	1.762519	1.600516
2.0412E-07	1.769928	1.601848
2.0496E-07	1.774622	1.602843
2.0581E-07	1.785374	1.596932
2.0667E-07	1.789255	1.601706
2.0753E-07	1.798655	1.60033
2.084E-07	1.804865	1.604564
2.0928E-07	1.813662	1.601799
2.1017E-07	1.819684	1.602793
2.1106E-07	1.828807	1.604516
2.1197E-07	1.836219	1.60471
2.1288E-07	1.842758	1.605942
2.1379E-07	1.849589	1.603821
2.1472E-07	1.86001	1.607747
2.1565E-07	1.866781	1.604237
2.1659E-07	1.874874	1.606151
2.1754E-07	1.884439	1.605864
2.185E-07	1.893137	1.606058
2.1947E-07	1.897768	1.604912
2.2044E-07	1.907891	1.604459
2.2143E-07	1.913915	1.605091
2.2242E-07	1.924707	1.603688
2.2342E-07	1.930593	1.605705
2.2443E-07	1.942906	1.600631
2.2545E-07	1.946448	1.601367
2.2648E-07	1.959824	1.603583
2.2752E-07	1.964323	1.601312
2.2857E-07	1.973993	1.595324
2.2963E-07	1.982442	1.597062
2.307E-07	1.992756	1.598362
2.3178E-07	1.999383	1.594408
2.3286E-07	2.014306	1.5892
2.3396E-07	2.016068	1.590414
2.3507E-07	2.02881	1.587328
2.3619E-07	2.032535	1.586924
2.3732E-07	2.046835	1.577345
2.3846E-07	2.050384	1.581573
2.3961E-07	2.064478	1.571346
2.4078E-07	2.068031	1.577017
2.4195E-07	2.079075	1.572812
2.4314E-07	2.085383	1.571748
2.4433E-07	2.092786	1.566686
2.4554E-07	2.101215	1.563723
0.000000248	2.119112	1.557438
2.5051E-07	2.136	1.551428
2.5306E-07	2.151557	1.541689
2.5567E-07	2.168379	1.532311
2.5833E-07	2.182868	1.521842
2.6105E-07	2.198357	1.512043
2.6383E-07	2.2119	1.500174
2.6667E-07	2.225435	1.489318
2.6957E-07	2.237316	1.476391
2.7253E-07	2.248517	1.462596
2.7556E-07	2.259998	1.449858
2.7865E-07	2.269812	1.435266
2.8182E-07	2.277856	1.422034
2.8506E-07	2.285704	1.408853
2.8837E-07	2.291876	1.395617
2.9176E-07	2.295783	1.382061
2.9524E-07	2.299141	1.370012
2.988E-07	2.301009	1.358773
3.0244E-07	2.303157	1.347529
3.0617E-07	2.303618	1.337504
0.00000031	2.304598	1.327256
3.1392E-07	2.304744	1.319779
3.1795E-07	2.304978	1.311285
3.2208E-07	2.306713	1.306201
3.2632E-07	2.307821	1.300684
3.3067E-07	2.308324	1.293221
3.3514E-07	2.30868	1.288178
3.3973E-07	2.308302	1.28132
3.4444E-07	2.30798	1.274596
3.493E-07	2.307692	1.268455
3.5429E-07	2.307138	1.261385
3.5942E-07	2.306406	1.254776
3.6471E-07	2.304203	1.249648
3.7015E-07	2.302893	1.245976
3.7576E-07	2.302475	1.240983
3.8154E-07	2.303983	1.234833
3.875E-07	2.304113	1.225218
3.9365E-07	2.303395	1.214494
0.0000004	2.300057	1.201865
4.0656E-07	2.294245	1.187595
4.1333E-07	2.284509	1.172768
4.2034E-07	2.270558	1.157043
4.2759E-07	2.251316	1.140854
4.3509E-07	2.227491	1.126832
4.4286E-07	2.197683	1.115587
4.5091E-07	2.163534	1.108099
4.5926E-07	2.124839	1.106631
4.6792E-07	2.081793	1.110645
4.7692E-07	2.038043	1.122607
4.8627E-07	1.992062	1.140538
0.000000496	1.947077	1.164515
5.0612E-07	1.904364	1.195487
5.1667E-07	1.862645	1.231767
5.2766E-07	1.822481	1.272203
5.3913E-07	1.783442	1.317126
5.5111E-07	1.746525	1.366565
5.6364E-07	1.71039	1.420514
5.7674E-07	1.674932	1.479231
5.9048E-07	1.640884	1.543506
6.0488E-07	1.607908	1.61286
0.00000062	1.577166	1.688581
6.359E-07	1.548351	1.773141
6.5263E-07	1.523404	1.864524
6.7027E-07	1.502771	1.962965
6.8889E-07	1.488796	2.068156
7.0857E-07	1.480503	2.180142
7.2941E-07	1.479623	2.297684
7.5152E-07	1.486264	2.420695
0.000000775	1.499915	2.547694
0.0000008	1.521728	2.679446
8.2667E-07	1.550775	2.815588
8.5517E-07	1.586306	2.954245
8.8571E-07	1.632009	3.099899
9.1852E-07	1.685432	3.249422
9.5385E-07	1.745842	3.402523
0.000000992	1.815362	3.560382
1.0333E-06	1.893079	3.722385
1.0783E-06	1.983296	3.905157
1.1273E-06	2.07917	4.080126
0.000001181	2.187455	4.263604
0.00000124	2.308685	4.458081
1.3053E-06	2.441792	4.66066
1.4588E-06	2.755042	5.105855
0.00000155	2.934996	5.348257
1.6533E-06	3.130006	5.60778
